1 0 0 132.5209960938 118.6920013428 8.75
2 0 27.7810001373 133.908996582 118.6999969482 8.75
3 0 55.4840011597 131.7630004883 118.1289978027 6.25
4 0 83.2959976196 133.1609954834 117.9029998779 6.25
5 0 111.0930023193 131.5299987793 117.8939971924 6.25
6 0 138.9060058594 132.2290039063 117.6650009155 6.25
7 0 166.6560058594 131.7630004883 118.5950012207 6.25
8 0 194.4060058594 131.7630004883 117.6630020142 6.25
9 0 222.0780029297 131.9960021973 117.6640014648 6.25
10 0 249.8899993896 131.7630004883 117.6630020142 6.25
11 0 277.7030029297 132.2290039063 117.6650009155 6.25
12 1 0 113.7080001831 124.9570007324 41.25
13 1 27.7810001373 114.1269989014 124.9589996338 41.25
14 1 55.4840011597 120.7409973145 123.1210021973 43.75
15 1 83.2959976196 122.8170013428 124.8000030518 43.75
16 1 111.0930023193 128.0659942627 124.2089996338 46.25
17 1 138.9060058594 132.7980041504 122.1439971924 43.75
18 1 166.6560058594 135.7180023193 123.1839981079 41.25
19 1 194.4060058594 140.2030029297 125.3000030518 36.25
20 1 222.0780029297 140.8869934082 127.4479980469 33.75
21 1 249.8899993896 143.0930023193 129.2010040283 31.25
22 1 277.7030029297 148.2989959717 130.7530059814 31.25
23 2 0 113.7460021973 145.966003418 46.25
24 2 27.7810001373 114.0709991455 149.0429992676 38.75
25 2 55.4840011597 112.3089981079 149.5039978027 43.75
26 2 83.2959976196 112.6930007935 149.7259979248 46.25
27 2 111.0930023193 110.1949996948 151.3880004883 46.25
28 2 138.9060058594 106.858001709 154.3049926758 46.25
29 2 166.6560058594 101.8259963989 153.4579925537 43.75
30 2 194.4060058594 98.6054992676 153.6670074463 41.25
31 2 222.0780029297 96.6193008423 152.8049926758 38.75
32 2 249.8899993896 99.0334014893 151.2779998779 33.75
33 2 277.7030029297 101.7399978638 150.5639953613 28.75
34 2 305.5310058594 103.6230010986 152.9429931641 23.75
35 2 333.3429870605 100.4440002441 152.8820037842 21.25
36 2 361.25 93.7121963501 153.425994873 16.25
37 2 388.9209899902 90.3044967651 152.4869995117 16.25
38 2 416.6400146484 90.7397994995 151.1860046387 11.25
39 2 444.4840087891 91.4274978638 150.0639953613 6.25
40 2 472.25 91.1931991577 150.06199646 6.25
41 2 500.0929870605 93.0470962524 152.43699646 6.25
42 2 528.1090087891 92.7901000977 156.328994751 1.25
43 2 555.8280029297 92.3013000488 157.7689971924 1.25
44 2 583.5460205078 89.6981964111 156.0709991455 1.25
45 2 611.3430175781 89.9384994507 155.8320007324 1.25
46 2 639.0780029297 85.6056976318 160.6170043945 1.25
47 2 666.8430175781 84.599899292 165.6719970703 1.25
48 2 694.5620117188 84.3411026001 167.6009979248 1.25
49 2 722.4210205078 83.8384017944 170.0140075684 1.25
50 2 750.1710205078 81.9077987671 171.93699646 1.25
51 2 778.1560058594 79.6943969727 174.5269927979 3.75
52 2 805.8430175781 81.2033004761 176.8249969482 2.1140799522
53 2 833.6870117188 81.1456985474 177.9250030518 1.5244799852
54 2 861.4840087891 82.5281982422 177.375 4.0003499985
55 2 889.2960205078 81.554397583 176.2749938965 3.5117399693
56 2 917.0460205078 83.1920013428 176.8249969482 3.2497498989
57 2 944.7810058594 84.0792007446 174.4160003662 8.75
58 2 972.625 88.3161010742 174.625 13.2346000671
59 2 1000.4400024414 88.0697021484 174.0749969482 16.7269992828
60 2 1028.2700195313 90.5167007446 171.875 23.5713996887
61 2 1056.1099853516 90.1075973511 168.8869934082 23.75
62 3 0 101.2630004883 175.1750030518 14.2551002502
63 3 27.7810001373 98.7385025024 172.2359924316 13.75
64 3 55.4840011597 99.4212036133 173.4080047607 13.75
65 3 83.2959976196 99.354598999 173.4859924316 11.25
66 3 111.0930023193 97.6436004639 174.4969940186 8.75
67 3 138.9060058594 98.1115036011 174.5 8.75
68 3 166.6560058594 97.6473007202 174.0229949951 8.75
69 3 194.4060058594 98.1132965088 174.2619934082 8.75
70 3 222.0780029297 97.4525985718 177.375 3.3281300068
71 3 249.8899993896 96.7031021118 177.375 2.2324700356
72 3 277.7030029297 97.1872024536 178.4750061035 2.7258200645
73 3 305.5310058594 97.4390029907 177.9250030518 3.0280900002
74 3 333.3429870605 99.5518035889 180.6750030518 2.6812500954
75 3 361.25 97.8876037598 181.7749938965 3.1006500721
76 3 388.9209899902 93.7396011353 183.9750061035 6.8296198845
77 3 416.6400146484 89.2472000122 182.3249969482 10.5331001282
78 3 444.4840087891 88.9306030273 180.125 12.79529953
79 3 472.25 91.2274017334 176.2749938965 16.316400528
80 3 500.0929870605 90.4123001099 169.6490020752 21.25
81 3 528.1090087891 87.3820037842 166.9900054932 26.25
82 3 555.8280029297 82.3143997192 162.4299926758 28.75
83 3 583.5460205078 79.9638977051 156.8630065918 28.75
84 3 611.3430175781 78.4851989746 152.1999969482 28.75
85 3 639.0780029297 74.1834030151 149.5690002441 31.25
86 3 666.8430175781 70.2583999634 150.4239959717 31.25
87 3 694.5620117188 63.0232009888 151.6309967041 26.25
88 3 722.4210205078 57.3149986267 152.9019927979 23.75
89 3 750.1710205078 53.5413017273 154.1979980469 21.25
90 3 778.1560058594 52.895198822 154.6119995117 18.75
91 3 805.8430175781 52.7254981995 153.6499938965 16.25
92 3 833.6870117188 53.4406013489 151.8159942627 16.25
93 3 861.4840087891 51.2176017761 153.0579986572 11.25
94 3 889.2960205078 51.6836013794 152.8280029297 11.25
95 3 917.0460205078 50.7725982666 152.1230010986 11.25
96 3 944.7810058594 51.7084999084 151.4290008545 11.25
97 3 972.625 51.6959991455 152.1280059814 11.25
98 3 1000.4400024414 53.7417984009 150.5930023193 13.75
99 3 1028.2700195313 52.3590011597 151.0469970703 13.75
100 3 1056.1099853516 51.6124992371 152.2649993896 16.25
101 4 0 26.6749992371 102.3259963989 21.7660007477
102 4 27.7810001373 27.7749996185 101.4420013428 22.5515003204
103 4 55.4840011597 28.875 101.6829986572 20.7432994843
104 4 83.2959976196 28.3250007629 101.4680023193 19.3729000092
105 4 111.0930023193 29.4249992371 100.5810012817 20.1555995941
106 4 138.9060058594 29.4249992371 100.1399993896 19.1861991882
107 4 166.6560058594 29.9750003815 100.3639984131 19.6457996368
108 4 194.4060058594 30.5249996185 100.5820007324 21.0443992615
109 4 222.0780029297 31.0750007629 100.3619995117 21.4748001099
110 4 249.8899993896 29.9750003815 100.5899963379 18.7322998047
111 4 277.7030029297 30.5249996185 100.8079986572 20.1320991516
112 4 305.5310058594 31.625 100.3710021973 20.0419998169
113 4 333.3429870605 30.5249996185 102.1299972534 21.1956996918
114 4 361.25 31.625 103.2409973145 21.2714996338
115 4 388.9209899902 35.4749984741 107.8389968872 24.0739002228
116 4 416.6400146484 36.5750007629 108.53099823 23.1460990906
117 4 444.4840087891 38.4269981384 110.5070037842 23.75
118 4 472.25 40.4034996033 114.8089981079 26.25
119 4 500.0929870605 40.2326011658 118.9079971313 23.75
120 4 528.1090087891 41.0714988708 124.6979980469 26.25
121 4 555.8280029297 39.7649993896 124.25 26.25
122 4 583.5460205078 39.5316009521 124.9100036621 26.25
123 5 138.9060058594 140.6979980469 144.06199646 51.25
124 5 166.6560058594 144.158996582 138.3090057373 46.25
125 5 194.4060058594 143.5079956055 135.3450012207 43.75
126 5 222.0780029297 140.766998291 133.3840026855 36.25
127 5 249.8899993896 140.800994873 134.5220031738 28.75
128 5 277.7030029297 136.2530059814 131.2079925537 23.75
129 5 305.5310058594 133.483001709 133.3910064697 18.75
130 5 333.3429870605 125.9820022583 135.1430053711 16.25
131 5 361.25 120.40599823 134.7940063477 21.25
132 5 388.9209899902 117.6989974976 134.7630004883 21.25
133 5 416.6400146484 112.6569976807 135.016998291 28.75
134 5 444.4840087891 110.0640029907 133.5410003662 31.25
135 5 472.25 105.9929962158 134.328994751 43.75
136 5 500.0929870605 101.3290023804 134.7740020752 51.25
137 6 0 168.5749969482 120.28099823 44.0519981384
138 6 27.7810001373 166.9689941406 124.5319976807 41.25
139 6 55.4840011597 160.3260040283 123.1360015869 41.25
140 6 83.2959976196 155.8650054932 118.71900177 38.75
141 6 111.0930023193 153.0410003662 117.2959976196 36.25
142 6 138.9060058594 149.7660064697 115.1940002441 31.25
143 6 166.6560058594 149.5180053711 115.3779983521 31.25
144 6 194.4060058594 145.966003418 111.1279983521 31.25
145 6 222.0780029297 142.2089996338 106.4079971313 26.25
146 6 249.8899993896 140.1499938965 105.2180023193 26.25
147 6 277.7030029297 136.3099975586 103.7829971313 28.75
148 6 305.5310058594 129.5950012207 101.263999939 28.75
149 6 333.3429870605 121.8789978027 98.6423034668 31.25
150 6 361.25 120.5839996338 97.62840271 33.75
151 6 388.9209899902 120.5579986572 93.7565994263 41.25
152 6 416.6400146484 121.2129974365 93.6380996704 41.25
153 7 55.4840011597 76.2741012573 167.9499969482 41.25
154 7 83.2959976196 69.9964981079 166.5650024414 31.25
155 7 111.0930023193 64.8542022705 166.904006958 23.75
156 7 138.9060058594 54.0289993286 168.7940063477 21.25
157 7 166.6560058594 51.8074989319 168.6860046387 18.75
158 7 194.4060058594 47.068901062 169.2510070801 16.25
159 7 222.0780029297 38.9196014404 171.7409973145 16.25
160 7 249.8899993896 31.0750007629 179.7539978027 1.5519599915
161 8 472.25 93.1607971191 45.375 43.5979995728
162 8 500.0929870605 94.2101974487 48.125 43.7907981873
163 8 528.1090087891 95.760597229 55.2750015259 41.3596992493
164 8 555.8280029297 99.3186035156 56.375 47.2677001953
165 8 583.5460205078 102.6429977417 56.9249992371 48.8272018433
166 8 611.3430175781 107.1380004883 62.0181999207 48.75
167 8 639.0780029297 109.7959976196 64.4710998535 48.75
168 8 666.8430175781 110.8180007935 68.7637023926 48.75
169 8 694.5620117188 111.6490020752 68.1032028198 46.25
170 8 722.4210205078 110 68.6573028564 41.25
171 8 750.1710205078 108.733001709 69.9023971558 38.75
172 8 778.1560058594 109.361000061 68.6202011108 36.25
173 8 805.8430175781 110 66.3125991821 38.75
174 8 833.6870117188 109.7890014648 66.7349014282 38.75
175 8 861.4840087891 109.5780029297 66.7349014282 38.75
176 8 889.2960205078 109.7870025635 68.6202011108 36.25
177 8 917.0460205078 109.361000061 68.8330001831 36.25
178 8 944.7810058594 110.2129974365 70.1101989746 36.25
179 8 972.625 108.3109970093 70.9581985474 38.75
180 8 1000.4400024414 111.8850021362 69.7046966553 41.25
181 8 1028.2700195313 111.6890029907 70.1136016846 38.75
182 8 1056.1099853516 113.3789978027 68.4242019653 38.75
183 9 333.3429870605 121.4349975586 106.6520004272 41.25
184 9 361.25 121.5830001831 107.1510009766 36.25
185 9 388.9209899902 120.7369995117 107.5889968872 36.25
186 9 416.6400146484 120.93699646 109.6689987183 33.75
187 9 444.4840087891 123.3150024414 114.5579986572 28.75
188 9 472.25 128.6860046387 122.3359985352 28.75
189 9 500.0929870605 135.824005127 126.6989974976 26.25
190 9 528.1090087891 139.1580047607 124.9550018311 31.25
191 9 555.8280029297 144.2299957275 127.1969985962 38.75
192 9 583.5460205078 150.6849975586 129.9609985352 41.25
193 9 611.3430175781 152.0399932861 137.0030059814 33.75
194 9 639.0780029297 151.6100006104 138.9239959717 31.25
195 9 666.8430175781 156.1580047607 137.2539978027 26.25
196 9 694.5620117188 160.875 141.0240020752 28.3927993774
197 9 722.4210205078 168.5749969482 142.1450042725 30.3626995087
198 9 750.1710205078 175.1750030518 142.783996582 38.5367012024
199 9 778.1560058594 178.4750061035 141.5850067139 36.7014007568
200 10 55.4840011597 174.6029968262 24.935300827 51.25
201 10 83.2959976196 173.9629974365 23.3962001801 46.25
202 10 111.0930023193 176.2779998779 24.7742996216 43.75
203 10 138.9060058594 178.470993042 29.2110996246 36.25
204 10 166.6560058594 183.4790039063 29.4733009338 31.25
205 10 194.4060058594 187.1950073242 30.5895996094 26.25
206 10 222.0780029297 193.9239959717 33.3783988953 23.75
207 10 249.8899993896 197.8020019531 35.4580001831 23.75
208 10 277.7030029297 202.0839996338 32.0511016846 23.75
209 10 305.5310058594 205.3220062256 28.7196998596 23.75
210 10 333.3429870605 208.016998291 23.4829006195 23.75
211 10 361.25 211.9720001221 17.2098007202 28.75
212 11 222.0780029297 112.1259994507 132 48.75
213 11 249.8899993896 113.7180023193 127.0879974365 46.25
214 11 277.7030029297 114.2149963379 125.6770019531 43.75
215 11 305.5310058594 115.2109985352 121.7409973145 43.75
216 11 333.3429870605 121.138999939 126.5490036011 38.75
217 11 361.25 123.6360015869 126.8470001221 38.75
218 11 388.9209899902 130.8939971924 127.0790023804 43.75
219 11 416.6400146484 136.266998291 124.9209976196 43.75
220 11 444.4840087891 143.0749969482 124.68800354 43.75
221 11 472.25 145.2649993896 124.2620010376 48.75
222 11 500.0929870605 149.9570007324 125.5299987793 51.25
223 11 528.1090087891 153.7250061035 128.06300354 49.0922012329
224 12 277.7030029297 191.2709960938 84.2987976074 41.25
225 12 305.5310058594 186.6929931641 88.235496521 41.25
226 12 333.3429870605 181.6320037842 90.3590011597 38.75
227 12 361.25 177.9810028076 91.2404022217 33.75
228 12 388.9209899902 177.7590026855 94.2548980713 31.25
229 12 416.6400146484 174.7720031738 95.8115997314 26.25
230 12 444.4840087891 171.875 98.3947982788 27.2880001068
231 12 472.25 169.125 103.2060012817 23.5062999725
232 12 500.0929870605 170.2250061035 105.4899978638 20.5778007507
233 12 528.1090087891 168.0249938965 109.9250030518 14.8795995712
234 12 555.8280029297 166.375 113.2119979858 16.2870006561
235 12 583.5460205078 165.8249969482 117.9580001831 17.7758998871
236 12 611.3430175781 164.7250061035 121.0869979858 18.8913002014
237 13 500.0929870605 146.8970031738 206.9819946289 28.75
238 13 528.1090087891 148.345993042 208.0449981689 26.25
239 13 555.8280029297 149.6979980469 207.4989929199 26.25
240 13 583.5460205078 150.7310028076 205.970993042 26.25
241 13 611.3430175781 150.0099945068 206.8500061035 26.25
242 13 639.0780029297 149.4519958496 210.7279968262 26.25
243 13 666.8430175781 150.3739929199 212.2989959717 26.25
244 13 694.5620117188 148.7590026855 212.9609985352 26.25
245 13 722.4210205078 150.7299957275 212.7059936523 28.75
246 13 750.1710205078 153.3359985352 213.3209991455 31.25
247 13 778.1560058594 155.3710021973 212.9859924316 31.25
248 13 805.8430175781 160.0989990234 211.4759979248 31.25
249 13 833.6870117188 162.7429962158 210.8209991455 31.25
250 13 861.4840087891 164.5780029297 211.3670043945 28.75
251 13 889.2960205078 165.4129943848 210.9060058594 26.25
252 13 917.0460205078 167.68800354 217.2389984131 23.75
253 13 944.7810058594 167.3699951172 224.7619934082 21.25
254 13 972.625 168.050994873 225.6089935303 21.25
255 13 1000.4400024414 167.0269927979 226.7890014648 18.75
256 13 1028.2700195313 166.7259979248 228.7769927979 18.75
257 13 1056.1099853516 166.7059936523 228.0279998779 21.25
258 14 0 166.9250030518 169.9819946289 6.3387498856
259 14 27.7810001373 167.4750061035 169.2299957275 6.950630188
260 14 55.4840011597 168.5749969482 168.9400024414 2.8463099003
261 14 83.2959976196 168.5749969482 170.0140075684 3.1217598915
262 14 111.0930023193 168.5749969482 170.5980072021 2.6350400448
263 14 138.9060058594 170.2250061035 171.7769927979 8.367890358
264 14 166.6560058594 169.125 172.1100006104 11.1237001419
265 14 194.4060058594 168.0249938965 171.6119995117 11.3613996506
266 14 222.0780029297 168.5749969482 170.5540008545 8.2234296799
267 14 249.8899993896 168.5749969482 170.5899963379 5.7787599564
268 14 277.7030029297 167.4750061035 171.5670013428 9.4079399109
269 14 305.5310058594 167.4750061035 171.8890075684 10.1016998291
270 14 333.3429870605 166.375 171.4700012207 12.1936998367
271 14 361.25 166.9250030518 171.3829956055 11.0659999847
272 14 388.9209899902 169.125 170.7230072021 2.8828999996
273 14 416.6400146484 169.125 170.9170074463 7.2569198608
274 14 444.4840087891 169.125 171.6920013428 8.053030014
275 14 472.25 170.2250061035 171.4290008545 3.4737999439
276 14 500.0929870605 170.2250061035 171.404006958 6.4984297752
277 14 528.1090087891 170.2250061035 172.0059967041 6.6450800896
278 14 555.8280029297 170.2250061035 172.9100036621 2.6068799496
279 14 583.5460205078 169.6750030518 171.1000061035 1.9364900589
280 14 611.3430175781 170.7749938965 170.4550018311 2.8247299194
281 14 639.0780029297 169.125 171.8899993896 9.2990903854
282 14 666.8430175781 170.2250061035 171.5570068359 2.8893399239
283 14 694.5620117188 170.2250061035 170.0240020752 2.5086901188
284 14 722.4210205078 170.7749938965 170.2740020752 2.1670799255
285 14 750.1710205078 170.7749938965 170.091003418 1.5055700541
286 14 778.1560058594 170.7749938965 170.0240020752 3.3289599419
287 14 805.8430175781 170.2250061035 169.3780059814 1.7270100117
288 14 833.6870117188 169.125 168.9129943848 3.0532999039
289 14 861.4840087891 170.2250061035 168.296005249 1.4577000141
290 14 889.2960205078 170.7749938965 167.68800354 2.1459701061
291 14 917.0460205078 170.2250061035 167.8679962158 1.9732999802
292 14 944.7810058594 170.2250061035 168.3309936523 2.088269949
293 14 972.625 170.2250061035 168.5189971924 2.7533800602
294 14 1000.4400024414 171.3249969482 168.0039978027 3.0392301083
295 14 1028.2700195313 171.875 168.3719940186 2.1293001175
296 14 1056.1099853516 171.875 167.6360015869 2.5532300472
297 15 500.0929870605 147.4960021973 34.8230018616 51.25
298 15 528.1090087891 148.983001709 38.9039993286 43.75
299 15 555.8280029297 154.283996582 45.854801178 38.75
300 15 583.5460205078 156.3690032959 48.0929985046 36.25
301 15 611.3430175781 158.6009979248 52.2421989441 36.25
302 15 639.0780029297 160.1929931641 52.4206008911 36.25
303 15 666.8430175781 156.8630065918 50.7192993164 33.75
304 15 694.5620117188 154.5359954834 47.2620010376 36.25
305 15 722.4210205078 153.8529968262 44.9375 36.25
306 15 750.1710205078 154.970993042 42.9818000793 38.75
307 15 778.1560058594 153.8809967041 42.5598983765 38.75
308 15 805.8430175781 153.7830047607 47.6180000305 36.25
309 15 833.6870117188 158.5180053711 52.668800354 31.25
310 16 639.0780029297 137.31199646 148.1940002441 51.25
311 16 666.8430175781 137.095993042 149.7400054932 46.25
312 16 694.5620117188 136.8220062256 151.5249938965 40.3277015686
313 16 722.4210205078 133.2369995117 150.4450073242 33.75
314 16 750.1710205078 130.4140014648 143.7799987793 36.25
315 16 778.1560058594 125.9649963379 140.8339996338 36.25
316 16 805.8430175781 122.5790023804 139.4250030518 40.7523002625
317 16 833.6870117188 115.6849975586 134.4750061035 46.3317985535
318 16 861.4840087891 109.5780029297 132.2749938965 50.7066001892
319 17 639.0780029297 143.8249969482 116.4339981079 50.1038017273
320 17 666.8430175781 142.7250061035 119.3980026245 50.620300293
321 17 694.5620117188 140.5249938965 122.9449996948 50.1394996643
322 17 722.4210205078 137.1860046387 125.1050033569 48.75
323 17 750.1710205078 135.4810028076 128.7740020752 51.25
324 17 778.1560058594 133.9700012207 135.7769927979 51.25
325 17 805.8430175781 128.7380065918 142.1069946289 51.25
326 17 833.6870117188 129.2630004883 145.3910064697 51.25
327 17 861.4840087891 129.5980072021 145.9969940186 48.75
328 17 889.2960205078 133.3049926758 149.2380065918 46.25
329 17 917.0460205078 137.591003418 149.6699981689 46.25
330 17 944.7810058594 139.9889984131 149.1600036621 46.25
331 17 972.625 140.5130004883 147.9960021973 46.25
332 17 1000.4400024414 141.625 142.5019989014 49.1940994263
333 17 1028.2700195313 139.6260070801 138.3959960938 48.75
334 17 1056.1099853516 136.1499938965 137.5579986572 46.25
335 18 528.1090087891 215.5260009766 76.4906005859 16.25
336 18 555.8280029297 209.9869995117 82.8722000122 16.25
337 18 583.5460205078 208.7700042725 87.9375991821 16.25
338 18 611.3430175781 205.6349945068 93.3110961914 18.75
339 18 639.0780029297 198.4850006104 98.8444976807 18.75
340 18 666.8430175781 196.7550048828 101.3619995117 18.75
341 18 694.5620117188 192.4149932861 103.6330032349 18.75
342 18 722.4210205078 190.7640075684 104.4800033569 26.25
343 18 750.1710205078 185.9100036621 103.8820037842 28.75
344 18 778.1560058594 181.7749938965 97.1527023315 36.4945983887
345 18 805.8430175781 181.9559936523 90.9915008545 41.25
346 18 833.6870117188 181.4290008545 85.5250015259 38.7988014221
347 19 0 93.3420028687 173.0319976807 48.75
348 19 27.7810001373 92.6748962402 173.8950042725 41.25
349 19 55.4840011597 93.7124023438 175.7299957275 38.75
350 19 83.2959976196 92.6789016724 175.3150024414 38.75
351 19 111.0930023193 89.4512023926 176.31199646 36.25
352 19 138.9060058594 84.5297012329 179.300994873 33.75
353 19 166.6560058594 83.7090988159 179.18699646 33.75
354 19 194.4060058594 82.057800293 179.9420013428 31.25
355 19 222.0780029297 75.0708999634 179.0890045166 33.75
356 19 249.8899993896 74.0612030029 178.1260070801 33.75
357 19 277.7030029297 75.720199585 178.046005249 48.75
358 20 83.2959976196 193.1739959717 47.0250015259 47.6427001953
359 20 111.0930023193 188.7250061035 48.125 42.195098877
360 20 138.9060058594 188.3170013428 47.0250015259 38.141998291
361 20 166.6560058594 188.3549957275 47.5750007629 35.2496986389
362 20 194.4060058594 189.0110015869 48.125 29.3089008331
363 20 222.0780029297 188.1410064697 49.7750015259 29.4748001099
364 20 249.8899993896 191.6670074463 51.9749984741 24.3029994965
365 20 277.7030029297 193.0059967041 53.0750007629 20.7721004486
366 20 305.5310058594 198.0079956055 55.8250007629 20.660200119
367 20 333.3429870605 200.4739990234 59.125 20.0440998077
368 20 361.25 202.6000061035 61.875 21.7570991516
369 20 388.9209899902 205.8699951172 63.5250015259 20.8414001465
370 21 416.6400146484 157.158996582 49.0087013245 36.25
371 21 444.4840087891 162.2239990234 57.3446006775 33.75
372 21 472.25 163.9069976807 58.4417991638 31.25
373 21 500.0929870605 173.4909973145 62.7947006226 31.25
374 21 528.1090087891 182.9170074463 65.6272964478 28.75
375 21 555.8280029297 184.8560028076 70.7135009766 26.25
376 21 583.5460205078 184.1119995117 78.4485015869 23.75
377 21 611.3430175781 185.466003418 77.1524963379 23.75
378 21 639.0780029297 185.9570007324 74.7603988647 26.25
379 21 666.8430175781 185.7149963379 68.7362976074 31.25
380 21 694.5620117188 186.2519989014 65.1775970459 33.75
381 21 722.4210205078 189.0980072021 62.332901001 33.75
